合并及母公司利润表
单位：百万元人民币
中国银行集团 中国银行
2 0 2 4年 2 0 2 3年 2 0 2 4年 2 0 2 3年
1-3月 1-3月 1-3月 1-3月
(未经审计 ) (未经审计 ) (未经审计 ) (未经审计 )
一、营业收入 160,818 165,813 130,855 140,064
利息净收入 112,712 117,334 94,849 101,527
利息收入 272,283 249,040 230,465 216,575
利息支出 (159,571) (131,706) (135,616) (115,048)
手续费及佣金净收入 25,127 26,332 22,001 23,296
手续费及佣金收入 28,444 29,526 24,418 25,783
手续费及佣金支出 (3,317) (3,194) (2,417) (2,487)
投资收益 14,725 3,407 15,547 8,341
其中：对联营企业及合营企业投资
83 (229) - (5)
以摊余成本计量的金融资产
终止确认产生的收益
246 99 120 67
公允价值变动收益 (6,035) 4,998 (7,650) 299
汇兑收益 1,099 3,533 (748) 2,071
其他业务收入 13,190 10,209 6,856 4,530
二、营业支出 (89,263) (86,605) (75,029) (72,717)
税金及附加 (1,691) (1,715) (1,573) (1,592)
业务及管理费 (40,836) (40,838) (35,402) (35,802)
信用减值损失 (34,915) (33,037) (31,299) (30,761)
其他资产减值损失 (16) (23) (13) (23)
其他业务成本 (11,805) (10,992) (6,742) (4,539)
三、营业利润 71,555 79,208 55,826 67,347
加：营业外收入 303 175 185 120
减：营业外支出 39 (102) (15) (91)
四、利润总额 71,897 79,281 55,996 67,376
减：所得税费用 (11,924) (17,556) (8,327) (14,219)
五、净利润 59,973 61,725 47,669 53,157
归属于母公司所有者的净利润 55,989 57,663 47,669 53,157
少数股东损益 3,984 4,062 - -
59,973 61,725 47,669 53,157
