四、 财务报表（按照中国 企业会计准则编制）
合并及母公司资产负债表
单位：百万元人民币
中国银行集团 中国银行
2024年 2023年 2024年 2023年
3月31日 12月31日 3月31日 12月31日
(未经审计 ) (经审计 ) (未经审计 ) (经审计 )
现金及存放中央银行款项 2,852,364 3,008,614 2,378,664 2,599,398
存放同业款项 787,610 501,284 758,591 501,386
贵金属 101,718 96,968 96,103 89,304
拆出资金 898,908 850,508 1,109,282 1,067,417
衍生金融资产 149,107 146,750 99,413 97,714
买入返售金融资产 372,557 383,477 338,018 350,244
发放贷款和垫款 20,366,172 19,476,871 18,239,071 17,393,207
金融投资 7,291,933 7,158,717 5,709,781 5,591,540
- 以公允价值计量且其变动计入
当期损益的金融资产 606,537 550,421 224,829 181,584
- 以公允价值计量且其 变动计入
其他综合收益的金融资产 3,385,146 3,248,113 2,418,177 2,298,286
- 以摊余成本计量的金融资产 3,300,250 3,360,183 3,066,775 3,111,670
长期股权投资 39,662 39,550 363,668 361,978
投资性房地产 22,762 22,704 2,764 2,754
固定资产 223,241 227,135 67,963 69,827
在建工程 20,406 20,346 4,668 4,896
使用权资产 18,616 18,958 18,399 18,771
无形资产 26,879 26,415 22,633 23,048
商誉 2,742 2,685 - -
递延所得税资产 73,547 75,156 70,382 72,886
其他资产 410,822 376,028 107,021 88,494
资产总计 33,659,046 32,432,166 29,386,421 28,332,864
