合并及母公司资产负债表（续）
单位：百万元人民币
中国银行集团 中国银行
2024年 2023年 2024年 2023年
3月31日 12月31日 3月31日 12月31日
(未经审计 ) (经审计 ) (未经审计 ) (经审计 )
向中央银行借款 1,021,702 1,235,320 910,230 1,116,808
同业及其他金融机构存放款项 2,321,038 2,245,362 2,307,178 2,302,639
拆入资金 402,466 388,284 397,058 338,840
交易性金融负债 42,855 54,264 135 -
衍生金融负债 140,734 135,973 102,742 98,744
卖出回购金融资产款 107,282 86,693 44,772 44,050
吸收存款 24,105,988 22,907,050 21,227,183 20,127,975
应付职工薪酬 44,638 53,793 39,844 47,456
应交税费 25,563 59,303 19,603 53,880
预计负债 21,531 31,776 20,230 31,232
租赁负债 18,548 18,797 18,670 19,047
应付债券 1,902,780 1,802,446 1,800,647 1,699,689
递延所得税负债 7,605 7,397 52 53
其他负债 712,124 648,893 132,152 102,271
负债合计 30,874,854 29,675,351 27,020,496 25,982,684
股本 294,388 294,388 294,388 294,388
其他权益工具 359,513 399,505 359,513 399,505
- 优先股 119,550 119,550 119,550 119,550
- 永续债 239,963 279,955 239,963 279,955
资本公积 135,734 135,736 132,337 132,345
其他综合收益 44,777 34,719 41,429 31,315
盈余公积 257,152 256,729 249,872 249,808
一般风险准备 379,278 379,285 365,366 365,416
未分配利润 1,182,645 1,129,148 923,020 877,403
归属于母公司所有者权益合计 2,653,487 2,629,510 2,365,925 2,350,180
少数股东权益 130,705 127,305 - -
所有者权益合计 2,784,192 2,756,815 2,365,925 2,350,180
负债和所有者权益总计 33,659,046 32,432,166 29,386,421 28,332,864
葛海蛟 张毅 董宗林
法定代表人 主管财会工作负责人 财会机构负责人
