13 
  
合并及母公司现金流量表  
 
单位：百万元人民币  
 
  中国银行集团   中国银行  
  2024年  2023年  2024年  2023年 
  1-3月  1-3月  1-3月  1-3月 
  (未经审计 )  (未经审计 )  (未经审计 )  (未经审计 ) 
一、经营活动产生的现金流量          
客户存款和同业存放款项净增加额   1,280,783   1,672,344   1,108,961   1,552,774  
向中央银行借款净增加额   -  48,301   -  46,877  
买入返售金融资产净减少额   5,017  -  -  - 
卖出回购金融资产款净增加额   20,588   -  721  - 
收取利息、手续费及佣金的现金   252,625   238,099   216,697   209,292  
收到其他与经营活动有关的现金   91,982  74,651   44,524  84,259  
         
经营活动现金流入小计   1,650,995  2,033,395   1,370, 903  1,893,202  
         
向中央银行借款净减少额   (214,200)   -  (207,186)   - 
向其他金融机构拆入资金净减少额   (41,883)   (11,764)   (13,964)  (29,312)  
发放贷款和垫款净增加额   (931,049)   (1,049,648)   (884,049)   (1,004,243)  
买入返售金融资产净增加额   -  (2,523)   -  - 
卖出回购金融资产款净减少额   -  (114,119)   -  (132,616)  
存放中央银行和同业款项净增加额   (126,221)   (106,550)   (66,753)   (79,696)  
支付利息、手续费及佣金的现金   (153,759)   (122,014)   (128,890)   (108,753)  
支付给职工及为职工支付的现金   (35,554)   (35,819)   (29,944)   (30,605)  
支付的各项税费   (56,562)   (37,903)   (54,017)   (35,469)  
支付其他与经营活动有关的现金   (88,527)  (64,296)   (82,664)   (62,903)  
           
经营活动现金流出小计   (1,647,755)  (1,544,636)   (1,467,467)  (1,483,597)  
         
经营活动产生的现金流量净额   3,240  488,759   (96,564)  409,605  
         
二、投资活动产生的现金流量          
收回投资收到的现金   1,170,719   688,103   895,195   439,631  
取得投资收益收到的现金   51,889   39,889   42,641   37,630  
处置固定资产、无形资产和其他  
长期资产所收到的现金   994  867  214  112  
         投资活动现金流入小计   1,223,602   728,859   938,050   477,373  
         
投资支付的现金   (1,368,275)   (901,625)   (980,723)   (555,359)  
购建固定资产、无形资产和其他  
长期资产所支付的现金   (2,526)   (4,230)   (1,349)   (2,416)  
取得子公司、联营企业及合营企业  
投资支付的现金   (817)  (225)   (817)  - 
          投资活动现金流出小计   (1,371,618)  (906,080)   (982,889)   (557,775)  
         
投资活动产生的现金流量净额   (148,016)  (177,221)   (44,839)   (80,402)  